100.542931504
100.844458857
101.049992315
101.333794369
101.450068365
101.539917808
101.537667426
101.72652763
102.254114847
102.198943937
102.304071682
102.762493793
102.489461416
101.822826111
102.074683363
102.280209181
102.176721623
102.73365402
102.701609829
102.958817307
103.435382009
104.306502399
104.979424851
104.606675545
104.85986916
104.222233622
104.184351388
104.370854992
103.575098746
103.628718009
103.272257708
103.709641737
103.588167475
103.78380315
104.259725159
103.724946278
104.070324553
104.257748367
105.178420481
104.720924638
104.982099538
105.485169737
105.165289206
105.215399702
105.071422119
105.953446846
106.350536079
105.802333861
105.4301294
104.6526448
104.507710984
104.896874672
105.004945164
105.092010607
104.740753346
104.677384286
105.123197095
103.647528036
103.228364201
102.892791215
102.322270831
102.389979591
101.953016171
101.636017475
101.485312852
100.339539574
100.057476464
100.024101309
100.802527147
99.891605948
100.016325436
100.191802009
99.7334829653
100.325847891
99.3460152586
99.9027531044
99.4231528888
99.6114131362
99.2315750203
99.5820960593
99.437331972
98.9083016916
98.3799464486
98.79360985
98.7510637287
98.9715272413
99.1509708028
99.195180957
99.3755875323
99.3717192932
99.3397990629
98.607762175
99.7065642803
99.072525799
99.5880932369
99.7916818109
99.9557436619
99.6130551624
99.8524901364
100.174816372
100.342192311
100.155593613
100.476795924
100.633540015
100.960588032
100.831026231
101.084172547
100.529581658
101.206420569
100.082618477
99.6427861475
99.8411678404
99.5049660213
100.072777418
100.769758561
100.082151649
99.8531298382
100.275580391
100.190818195
100.638398524
100.741825836
101.092918675
101.505399316
102.605575326
102.46727756
103.23559428
102.28170648
101.975303937
101.462100033
101.549825928
101.54392814
101.428988145
102.072300092
102.292454825
101.894569737
101.269441083
101.397496079
101.850873563
101.535207471
102.187438504
102.045358657
101.492287901
102.016516623
101.922361963
102.564381065
102.201394388
102.51841517
101.978124618
99.5289130753
100.126450475
100.638803388
100.659112346
100.683207203
100.925170639
100.2217804
100.243132179
100.727697633
100.482103253
101.668136069
101.94616983
101.621174624
101.186207268
100.823672693
101.65417172
102.887226409
103.275511692
103.684997301
102.675845503
103.182477179
102.7850299
102.27534701
103.28820664
103.31440499
104.127651863
104.643300302
104.92200415
105.220641126
105.304031829
104.66899926
104.975049892
104.728654683
104.803233909
104.426033124
103.908817201
104.296863405
102.944286814
102.662948953
103.12969965
102.206930944
101.771371013
102.076366004
102.105911735
101.659513266
102.265049844
101.815756281
102.616799209
102.877936354
103.103228666
103.359238298
103.198606202
104.233288222
104.256940426
103.502162789
103.391571443
102.913604787
103.087288182
103.1720323
102.292113592
101.925601096
102.556681849
101.585495772
100.963614753
101.709928006
102.144448172
102.159834625
102.468461386
102.395927792
101.2082668
100.86888186
101.26614751
100.317584483
99.5685243873
99.3209860722
99.291072033
100.573858498
101.198014353
100.717940751
100.534086141
101.033000058
101.316945533
100.676747716
100.367584485
99.7540651502
99.4449772947
99.1195937053
98.9820101993
98.7915365551
97.9770511877
98.1578329365
98.3494349075
97.4912445928
97.5567140162
97.6756669685
96.8043080784
97.4726706081
97.40274872
97.8292720957
96.6733683726
96.0191456382
96.559482088
95.9920173959
96.108427374
95.9667304467
95.8128899722
96.4613879899
97.265568443
97.2393277499
98.3671278416
98.395416618
98.4385790268
97.8293571996
98.4562598254
98.4127694961
97.7957724289
97.5776915182
97.8940661416
98.1647108694
97.1907855099
98.2953214339
98.7129880624
99.5472291343
99.3449306331
99.0056193694
98.3283503224
98.7462406093
98.4299980279
98.1251355068
97.5431237939
97.4122527797
97.0813812829
96.8952171303
96.5002225528
96.9674723633
97.0343505904
95.9993159672
96.9980207682
96.7006819433
95.8042020919
94.9978046031
95.06928313
94.9272968243
94.2963673627
93.5058020023
93.1332325264
93.3861709456
93.0037517371
92.8475661265
92.9795319937
92.2882315069
92.1373645024
92.6645741611
92.1584199208
91.4887217896
92.4660320083
91.6965883983
90.9570847408
91.0343574018
90.7632160054
90.7983329911
90.631245086
91.4522090331
92.0248048912
92.5116546175
92.6184813599
91.8797888784
92.0224683481
92.3320604949
92.3412293189
92.5463321361
92.6392689351
93.2566595857
94.541696323
94.4636583929
95.3494202972
95.090746561
95.1034983358
94.4840982533
93.8321440535
93.0991488923
93.5849057096
94.1497919851
93.9823833703
93.9429962397
93.8113068945
93.8682392826
94.4797017927
94.8685533908
94.738067299
95.0589144563
95.6637225274
95.5386702874
96.1279774245
96.9762731553
96.1693306262
95.8215312248
96.6715530816
97.117164752
97.8287991839
98.527251207
98.1067130476
97.4781137872
97.411810385
97.9951619297
98.3142390915
98.0995813827
98.6845289487
98.9048712203
99.691424214
99.7436471388
99.9291216473
99.834213883
99.8592527062
99.3939324436
99.4565985052
99.8541936445
100.005276474
99.424025291
99.0394054487
98.4531125965
98.5691747534
98.6233609169
98.2496771766
97.8952134663
97.6705899864
97.3677908762
96.264495654
96.4045604345
96.2438021471
96.975545967
96.8344818815
97.1908526788
97.3910354358
97.463509968
97.5712163843
97.9764916394
97.4769481163
97.7713790013
97.7758183207
98.1659073938
97.4411576675
96.9348970761
96.7794267661
96.1443355702
95.2094164907
95.3396011449
94.9489547667
95.1111525048
94.8901560767
95.0310404385
94.594415759
94.3120368768
93.9684741885
94.0773187728
93.731708852
93.8522268337
93.8628203173
94.2807885117
94.382893812
95.1383919121
95.0675320865
95.2500132128
95.7237326152
95.6310183977
95.1843495081
95.5824074308
95.4213980749
95.8606106509
95.7210995178
96.1382121001
96.3253844766
95.9095564808
95.9484089439
96.1163151316
96.0478494693
96.8605031322
96.7566860582
97.2654911916
97.6524688159
98.0229797031
98.5692181681
98.7667894745
98.8972900484
97.7235730994
97.45062364
97.8815733983
97.4836904369
97.3529944881
96.8399241574
96.6871074191
97.4159474593
97.6120560683
97.2410552898
97.598312616
97.65527124
98.0352350894
98.239560333
97.8782214159
96.7023549927
95.7201566608
96.4565829178
