100.041471541
100.342609932
100.548237756
100.831750963
100.948570541
101.039098483
101.037981838
101.227037364
101.753164646
101.699394008
101.80513905
102.262461698
101.991891107
101.329618091
101.581384075
101.787047604
101.685188858
102.240578068
102.209823334
102.466937689
102.94236943
103.81049117
104.481374556
104.11155046
104.364705259
103.731233293
103.694681682
103.881462946
103.090583424
103.14509791
102.791443278
103.227937908
103.108173501
103.30405048
103.778925578
103.24776005
103.592700438
103.780417192
104.698037427
104.24378937
104.50493545
105.006885833
104.689618896
104.740666517
104.598500762
105.477727506
105.874210226
105.329633635
104.960258315
104.187396367
104.044262916
104.432861184
104.541615191
104.629459004
104.280906437
104.21897357
104.663996971
103.195920557
102.779725071
102.446748805
101.87983363
101.948382374
101.514431463
101.199920879
101.050985678
99.9112260891
99.6314740164
99.5993476111
100.375583132
99.4696253054
99.5949245338
99.770770326
99.3154807559
99.9064730318
98.9318354618
99.4873576413
99.010851717
99.1994334715
98.822264335
99.1724414537
99.0293732082
98.503607844
97.9785030667
98.3915717313
98.3502915254
98.5709555336
98.7507700501
98.795899486
98.9766796217
98.9739266145
98.9432335265
98.2152102117
99.310741494
98.6803165094
99.1949450738
99.3988343578
99.5633566039
99.223115838
99.4627186694
99.7848954277
99.9527304524
99.7679645332
100.089035799
100.246288825
100.573195792
100.445247179
100.698543826
100.1471814
100.822565956
99.7041340267
99.267067981
99.4658068153
99.1319704346
99.6987611408
100.394252843
99.7103160962
99.4832505347
99.905246284
99.8219062551
100.268952645
100.373115524
100.724042528
101.136141805
102.233451503
102.09678971
102.863471371
101.914154327
101.609981844
101.099739795
101.188276695
101.18352416
101.070115109
101.71228104
101.932791846
101.53743392
100.915617592
101.044347888
101.497274085
101.183828161
101.834933534
101.694473737
101.144428546
101.66799014
101.575285756
102.216254321
101.855631425
102.172714923
101.63537555
99.1954979873
99.7921424724
100.303899194
100.325255287
100.350385226
100.592666509
99.892703545
99.9150953779
100.399190674
100.155510093
101.338813973
101.617076203
101.294255603
100.861808233
100.501552607
101.330524174
102.56079261
102.948989838
103.358329213
102.353494084
102.859678066
102.464612663
101.95765149
102.968508987
102.995770639
103.807662771
104.322885735
104.601898437
104.900789862
104.985093566
104.353143818
104.659433769
104.414939527
104.49045635
104.115538125
103.601011181
103.989063315
102.641618894
102.36224555
102.828771653
101.909827871
101.476661572
101.781904263
101.812496006
101.368506637
101.973442861
101.526558517
102.326463115
102.588001279
102.813801031
103.070237221
102.911197717
103.944153072
103.968894871
103.21734942
103.108208035
102.63269169
102.807043293
102.892700278
102.016297405
101.651902617
102.282425209
101.314961988
100.695855947
101.441317072
101.875821639
101.892299758
102.201253854
102.130044178
100.946588716
100.609199144
101.006564339
100.061544624
99.3154998485
99.0696913486
99.0409534446
100.321623192
100.945335297
100.467576681
100.28529337
100.784092437
101.068461352
100.430949542
100.123653599
99.5127310372
99.2054932324
98.8819919166
98.7458353849
98.5569112888
97.7454463404
97.9268888154
98.119130195
97.2640302086
97.3304284913
97.4501883028
96.581914021
97.249821631
97.1811393877
97.6077768684
96.4555619491
95.8038776691
96.3440732075
95.7789386435
95.896155727
95.755835709
95.6033955656
96.2515451012
97.0550545172
97.0299487219
98.1564110168
98.185730141
98.2298920053
97.6230464058
98.2497186239
98.2074107159
97.5927855
97.3762391948
97.6930461248
97.964223584
96.9933650249
98.0967472987
98.5146647672
99.3483336378
99.1475409625
98.8100017634
98.135161265
98.5533255394
98.2387923197
97.9356101783
97.3558043262
97.2262649194
96.8971017794
96.7123655788
96.3191866052
96.7866352487
96.8544649076
95.8224137555
96.8203539745
96.5246322613
95.630847067
94.8269623589
94.8993667718
94.7586871052
94.1299241818
93.3417913791
92.9709084002
93.2244417884
92.8437164568
92.6888294712
92.8216010686
92.1324984831
91.9829080877
92.5102618335
92.0059727639
91.3383973033
92.3151274283
91.5479567443
90.8106607553
90.8888188918
90.6191178483
90.6551863556
90.489367302
91.3100606298
91.8827873898
92.3699121107
92.4776027009
91.7410531575
91.8845381191
92.1946906055
92.2048702813
92.4106970057
92.5045254196
93.1220527613
94.4062836272
94.32940557
95.2149665576
94.9577126612
94.9715018292
94.3540097995
93.7039943788
92.9730333215
93.459170544
94.0243425806
93.8581998917
93.8199072429
93.6894314318
93.7473314871
94.3590548257
94.74846263
94.6191930345
94.9406924938
95.5458099972
95.4219721315
96.0116262343
96.8599714225
96.0550639162
95.7087411885
96.5588353678
97.0050052885
97.7169035995
98.4156502415
97.9966772679
97.3698649213
97.3047163061
97.888514161
98.20833527
97.9949976171
98.5804169036
98.8016245041
99.5884629481
99.6417390614
99.8281332659
99.7344295696
99.7605518109
99.2967947625
99.36050358
99.7588229882
99.9108716337
99.3312728253
98.9481112114
98.3634517234
98.4805024047
98.535734658
98.1634736326
97.8104077024
97.5870631066
97.2856038922
96.1843086569
96.3253270408
96.1657693807
96.8979965542
96.758120359
97.115289183
97.3163975901
97.3898986838
97.4986070645
97.9046685505
97.4065735143
97.701877402
97.7073991974
98.0983052788
97.3751365926
96.8702953477
96.7160032664
96.0823958478
95.1491362843
95.2802971785
94.8909481315
95.0541029299
94.8342927683
94.976149474
94.5408274415
94.2596558524
93.9173274993
94.0271575803
93.6827728495
93.8042701744
93.8159006381
94.234706947
94.3378105335
95.0940043538
95.0242334074
95.2076892796
95.6822613172
95.5906493795
95.1452262069
95.5441821134
95.384296968
95.824403482
95.6860082151
96.1040357009
96.2922114465
95.8775919563
95.9174972148
96.086416929
96.0190394362
96.8325252506
96.7298129335
97.2395571853
97.6275163735
97.9990214586
98.5462213669
98.7448437376
98.8764139353
97.7040303392
97.4322180383
97.8641737764
97.467444509
97.3378518667
96.8259371785
96.6742166642
97.4040417933
97.6012108868
97.2313316704
97.589637596
97.6476761254
98.0286996249
98.2341027313
97.8738713694
96.6991316346
95.7180295699
96.4555111839
